
Incorrect predicted output

- Adj : 4297

- Lc: 2927

- Lem: 3220

- Ss: 3366

- No punc: 3109


Accuracy:

- Adj: (25000 - 4297) / 25000 = 20703/25000 = 0.82812 = 82.81%

- Lc: (25000 - 2927) / 25000 = 22073/25000 = 0.88292 = 88.29%

- Lem: (25000 - 3220) / 25000 = 21780/25000 = 0.8712 = 87.12%

- Ss: (25000 - 3366) / 25000 = 21634/25000 = 0.86536 = 86.54%

- No punc: (25000 - 3109) / 25000 = 21891/25000 = 0.87564 = 87.56%