
Incorrect predicted output

- Adj : 4540

- Lc: 2927

- Lem: 3421

- Ss: 3519

- No punc: 3322


Accuracy:

- Adj: (25000 - 4540) / 25000 = 20460/25000 = 0.8184 = 81.84%

- Lc: (25000 - 2927) / 25000 = 22073/25000 = 0.88292 = 88.29%

- Lem: (25000 - 3421) / 25000 = 21579/25000 = 0.86316 = 86.32%

- Ss: (25000 - 3519) / 25000 = 21481/25000 = 0.85924 = 85.92%

- No punc: (25000 - 3322) / 25000 = 21678/25000 = 0.86712 = 86.71%